2093242678
2093243305
2093247084
2093245969
2093252540
2093250110
2093255167
2093257962
2093257015
2093259583
2093273001
2093267797
2093275079
2093277458
2093277118
2093280189
2093286762
2093291459
2093297373
2093296559
2093304162
2093306193
2093308251
2093310175
2093308245
2093310625
2093312208
2093315214
2093317391
2093318221
2093321618
2093320198
2093323930
2093328737
2093327675
2093333180
2093332872
2093334934
2093336909
2093339967
2093343478
2093345095
2093346935
2093350839
2093359044
2093358494
2093362942
2093365019
2093369456
2093372200
2093374658
2093376696
2093379756
2093388122
2093390830
2093391583
2093393239
2093392913
2093395439
2093397269
2093398834
2093406960
2093409577
2093414249
2093415248
2093421347
2093442348
2093443165
2093446341
2093448301
2093459860
2093462912
2093465048
2093468021
2093470543
2093476169
2093474409
2093476475
2093478300
2093480685
2093481852
2093485462
2093505316
2093511056
2093514422
2093524498
2093545267
2093551060
2093557254
2093562277
2093562642
2093565976
2093583745
2093583927
2093587833
2093593966
2093595197
2093599539
2093597783
2093602559
2093606952
2093607834
2093610744
2093613166
2093615152
2093618986
2093628332
2093631988
2093633012
2093633993
2093641013
2093639573
2093646267
2093645317
2093639786
2093663154
2093672586
2093754339
2093764498
2093832831
2093835154
2093837990
